Complex Function:

n^x + x = 0

Input: 3
Output: -0.547809

Input: 7
Output: -0.431694

Input: 1
Output: -1.000000
